              precision    recall  f1-score   support

           0     0.9827    0.9847    0.9837       980
           1     0.9691    0.9947    0.9817      1135
           2     0.9908    0.9428    0.9662      1032
           3     0.9407    0.9891    0.9643      1010
           4     0.9804    0.9674    0.9739       982
           5     0.9708    0.9697    0.9703       892
           6     0.9731    0.9812    0.9771       958
           7     0.9665    0.9825    0.9744      1028
           8     0.9779    0.9538    0.9657       974
           9     0.9777    0.9574    0.9675      1009

    accuracy                         0.9726     10000
   macro avg     0.9730    0.9723    0.9725     10000
weighted avg     0.9729    0.9726    0.9726     10000
