              precision    recall  f1-score   support

           0     0.9459    0.2857    0.4389       980
           1     0.9273    0.9436    0.9354      1135
           2     0.8861    0.2035    0.3310      1032
           3     0.2995    0.9248    0.4524      1010
           4     0.9160    0.3666    0.5236       982
           5     0.0000    0.0000    0.0000       892
           6     0.3298    0.9833    0.4940       958
           7     0.5277    0.9280    0.6728      1028
           8     0.0000    0.0000    0.0000       974
           9     0.7647    0.1031    0.1817      1009

    accuracy                         0.4855     10000
   macro avg     0.5597    0.4739    0.4030     10000
weighted avg     0.5726    0.4855    0.4153     10000
