              precision    recall  f1-score   support

           0     0.9649    0.9827    0.9737       980
           1     0.9780    0.9797    0.9789      1135
           2     0.9497    0.9516    0.9506      1032
           3     0.9374    0.9495    0.9434      1010
           4     0.9488    0.9633    0.9560       982
           5     0.9568    0.9182    0.9371       892
           6     0.9493    0.9582    0.9538       958
           7     0.9549    0.9465    0.9507      1028
           8     0.9231    0.9487    0.9357       974
           9     0.9628    0.9237    0.9428      1009

    accuracy                         0.9528     10000
   macro avg     0.9526    0.9522    0.9523     10000
weighted avg     0.9529    0.9528    0.9528     10000
