              precision    recall  f1-score   support

           0     0.9739    0.9908    0.9823       980
           1     0.9774    0.9894    0.9834      1135
           2     0.9689    0.9671    0.9680      1032
           3     0.9631    0.9564    0.9598      1010
           4     0.9682    0.9603    0.9642       982
           5     0.9606    0.9574    0.9590       892
           6     0.9656    0.9656    0.9656       958
           7     0.9676    0.9582    0.9629      1028
           8     0.9623    0.9435    0.9528       974
           9     0.9387    0.9554    0.9470      1009

    accuracy                         0.9648     10000
   macro avg     0.9646    0.9644    0.9645     10000
weighted avg     0.9648    0.9648    0.9648     10000
