              precision    recall  f1-score   support

           0     0.9602    0.9837    0.9718       980
           1     0.9781    0.9859    0.9820      1135
           2     0.9245    0.9486    0.9364      1032
           3     0.9228    0.9347    0.9287      1010
           4     0.9478    0.9430    0.9454       982
           5     0.9479    0.9182    0.9328       892
           6     0.9632    0.9551    0.9591       958
           7     0.9644    0.9232    0.9433      1028
           8     0.9265    0.9322    0.9294       974
           9     0.9251    0.9306    0.9279      1009

    accuracy                         0.9462     10000
   macro avg     0.9460    0.9455    0.9457     10000
weighted avg     0.9464    0.9462    0.9462     10000
