              precision    recall  f1-score   support

           0     0.9082    0.9490    0.9281       980
           1     0.8907    0.9621    0.9250      1135
           2     0.8906    0.8285    0.8584      1032
           3     0.8258    0.8733    0.8489      1010
           4     0.8374    0.8024    0.8196       982
           5     0.8455    0.6996    0.7656       892
           6     0.8871    0.9102    0.8985       958
           7     0.8940    0.8619    0.8777      1028
           8     0.7893    0.8152    0.8020       974
           9     0.7752    0.8167    0.7954      1009

    accuracy                         0.8547     10000
   macro avg     0.8544    0.8519    0.8519     10000
weighted avg     0.8551    0.8547    0.8537     10000
