              precision    recall  f1-score   support

           0     0.9857    0.9847    0.9852       980
           1     0.9947    0.9885    0.9916      1135
           2     0.9749    0.9797    0.9773      1032
           3     0.9604    0.9842    0.9721      1010
           4     0.9766    0.9796    0.9781       982
           5     0.9829    0.9686    0.9757       892
           6     0.9812    0.9812    0.9812       958
           7     0.9776    0.9776    0.9776      1028
           8     0.9822    0.9651    0.9736       974
           9     0.9665    0.9713    0.9689      1009

    accuracy                         0.9783     10000
   macro avg     0.9783    0.9780    0.9781     10000
weighted avg     0.9784    0.9783    0.9783     10000
