              precision    recall  f1-score   support

           0     0.9516    0.9827    0.9669       980
           1     0.9756    0.9859    0.9807      1135
           2     0.9409    0.9419    0.9414      1032
           3     0.9204    0.9386    0.9294      1010
           4     0.9178    0.9552    0.9361       982
           5     0.9146    0.9249    0.9197       892
           6     0.9539    0.9509    0.9524       958
           7     0.9381    0.9436    0.9408      1028
           8     0.9479    0.8963    0.9214       974
           9     0.9502    0.8890    0.9186      1009

    accuracy                         0.9416     10000
   macro avg     0.9411    0.9409    0.9407     10000
weighted avg     0.9418    0.9416    0.9414     10000
