              precision    recall  f1-score   support

           0     0.9788    0.9898    0.9843       980
           1     0.9868    0.9894    0.9881      1135
           2     0.9806    0.9816    0.9811      1032
           3     0.9907    0.9475    0.9686      1010
           4     0.9895    0.9623    0.9757       982
           5     0.9851    0.9641    0.9745       892
           6     0.9623    0.9854    0.9737       958
           7     0.9637    0.9805    0.9720      1028
           8     0.9654    0.9733    0.9693       974
           9     0.9507    0.9752    0.9628      1009

    accuracy                         0.9752     10000
   macro avg     0.9754    0.9749    0.9750     10000
weighted avg     0.9754    0.9752    0.9752     10000
